138.44650268554688	1618.532958984375	-0.4230792224407196
138.44650268554688	1618.532958984375	-0.4230792224407196
138.4283447265625	1619.005126953125	-0.42324960231781006
138.4049530029297	1619.5919189453125	-0.42355644702911377
138.3914794921875	1619.92333984375	-0.4237864911556244
138.37538146972656	1620.3143310546875	-0.42404764890670776
138.3577880859375	1620.735595703125	-0.42435675859451294
138.32571411132812	1621.4920654296875	-0.4246836304664612
138.2894744873047	1622.3299560546875	-0.4245980381965637
138.2760772705078	1622.636474609375	-0.4243963658809662
138.25489807128906	1623.1171875	-0.4239088296890259
138.23358154296875	1623.597412109375	-0.42326629161834717
138.2141876220703	1624.0303955078125	-0.4225998520851135
138.15463256835938	1625.3436279296875	-0.42062264680862427
138.12274169921875	1626.037353515625	-0.41995173692703247
138.09249877929688	1626.6904296875	-0.41969436407089233
138.05709838867188	1627.448974609375	-0.41983047127723694
138.02027893066406	1628.23291015625	-0.4202442765235901
138.0030975341797	1628.596923828125	-0.4204448461532593
137.95184326171875	1629.6759033203125	-0.4207936227321625
137.92803955078125	1630.17431640625	-0.42077386379241943
137.87872314453125	1631.1578369140625	-0.4205273985862732
137.84051513671875	1631.682373046875	-0.4203822612762451
137.77989196777344	1632.454833984375	-0.42013004422187805
137.66177368164062	1633.929443359375	-0.4199710786342621
137.61721801757812	1634.4832763671875	-0.42026421427726746
137.55325317382812	1635.16455078125	-0.42085057497024536
137.40228271484375	1636.41162109375	-0.4218873679637909
137.31509399414062	1637.1014404296875	-0.4221232235431671
137.2129364013672	1637.797607421875	-0.4221429228782654
137.05682373046875	1638.7752685546875	-0.4219491183757782
136.94033813476562	1639.489013671875	-0.4217265844345093
136.84600830078125	1640.06591796875	-0.4214550256729126
136.6514434814453	1641.21826171875	-0.4202108681201935
136.53424072265625	1641.7957763671875	-0.419342041015625
136.37783813476562	1642.50048828125	-0.4189881682395935
136.21473693847656	1643.214111328125	-0.4208315908908844
135.9892120361328	1644.190185546875	-0.42448869347572327
135.81216430664062	1644.89404296875	-0.42370665073394775
135.58090209960938	1645.733642578125	-0.41966238617897034
135.34512329101562	1646.5718994140625	-0.41698703169822693
135.0962677001953	1647.4384765625	-0.4174928665161133
134.8773193359375	1648.128662109375	-0.41871485114097595
134.47442626953125	1649.32421875	-0.41862523555755615
134.31527709960938	1649.7540283203125	-0.41804730892181396
134.04653930664062	1650.4310302734375	-0.41737017035484314
133.82339477539062	1650.979248046875	-0.4173398017883301
133.32373046875	1652.18994140625	-0.41832447052001953
132.92852783203125	1653.091796875	-0.4188256561756134
132.68003845214844	1653.62841796875	-0.4189481735229492
132.37350463867188	1654.282470703125	-0.41913333535194397
131.93341064453125	1655.179931640625	-0.41982126235961914
131.54132080078125	1655.9434814453125	-0.4207199513912201
131.12515258789062	1656.745849609375	-0.4215541183948517
130.72467041015625	1657.5167236328125	-0.42195647954940796
130.45343017578125	1658.03857421875	-0.4220154285430908
129.91661071777344	1659.024658203125	-0.4219912588596344
129.49130249023438	1659.7608642578125	-0.42201682925224304
129.12278747558594	1660.3907470703125	-0.4220482110977173
128.8270263671875	1660.89501953125	-0.422091543674469
128.38601684570312	1661.646728515625	-0.42230328917503357
127.71952819824219	1662.782470703125	-0.4231598973274231
127.56001281738281	1663.049560546875	-0.42339831590652466
127.0277328491211	1663.9005126953125	-0.42400631308555603
126.64419555664062	1664.5037841796875	-0.42425736784935
126.01519775390625	1665.48828125	-0.42463991045951843
125.62812805175781	1666.093994140625	-0.4249598979949951
125.09320068359375	1666.930908203125	-0.4253445565700531
124.7760238647461	1667.42724609375	-0.425499826669693
124.38650512695312	1668.03662109375	-0.4256971478462219
123.76904296875	1668.9766845703125	-0.42625096440315247
123.18901062011719	1669.8406982421875	-0.42686721682548523
122.78455352783203	1670.4405517578125	-0.4272201657295227
122.56366729736328	1670.76806640625	-0.42739763855934143
121.81409454345703	1671.8380126953125	-0.428106427192688
121.29470825195312	1672.539794921875	-0.4290624260902405
121.02762603759766	1672.897216796875	-0.4297325611114502
120.59651947021484	1673.472412109375	-0.4309162199497223
119.99560546875	1674.2607421875	-0.43241286277770996
119.32603454589844	1675.05908203125	-0.4336097538471222
118.67329406738281	1675.802734375	-0.43432730436325073
118.27787780761719	1676.239990234375	-0.43451786041259766
117.77835845947266	1676.75927734375	-0.4345926344394684
117.45474243164062	1677.084716796875	-0.43462663888931274
116.54901123046875	1677.983154296875	-0.4350380301475525
115.90571594238281	1678.617919921875	-0.4355710744857788
115.5186996459961	1678.9996337890625	-0.43584081530570984
114.67569732666016	1679.8310546875	-0.43605995178222656
114.16116333007812	1680.331787109375	-0.4360930621623993
113.28692626953125	1681.1439208984375	-0.4363034665584564
112.74727630615234	1681.639404296875	-0.4365832805633545
112.11013793945312	1682.222900390625	-0.43704935908317566
111.67073822021484	1682.62548828125	-0.4373050332069397
111.03315734863281	1683.20703125	-0.43737342953681946
110.37214660644531	1683.77734375	-0.4372503161430359
109.6190185546875	1684.4072265625	-0.43732917308807373
108.91967010498047	1684.986572265625	-0.43775472044944763
108.5068130493164	1685.3284912109375	-0.4380769729614258
108.15412139892578	1685.62060546875	-0.4383280873298645
107.22950744628906	1686.3603515625	-0.4387373626232147
106.33413696289062	1687.0517578125	-0.4390822947025299
105.65614318847656	1687.5716552734375	-0.43934768438339233
105.28905487060547	1687.8531494140625	-0.43944051861763
104.38583374023438	1688.543212890625	-0.4393633306026459
103.80545806884766	1688.96728515625	-0.43916523456573486
103.37030029296875	1689.279296875	-0.43901193141937256
102.4178695678711	1689.95654296875	-0.4388692378997803
101.5959701538086	1690.539794921875	-0.4392765760421753
101.00967407226562	1690.9552001953125	-0.4399269223213196
100.75448608398438	1691.132568359375	-0.440283864736557
100.03146362304688	1691.6097412109375	-0.4413768947124481
99.54369354248047	1691.92431640625	-0.4421136975288391
98.60440063476562	1692.523193359375	-0.44341403245925903
97.73381042480469	1693.0771484375	-0.444638729095459
97.23931884765625	1693.3824462890625	-0.44533097743988037
96.61712646484375	1693.746337890625	-0.44602182507514954
95.99337768554688	1694.10498046875	-0.4464567303657532
95.25003051757812	1694.5283203125	-0.44673246145248413
94.5045166015625	1694.952880859375	-0.4469161927700043
93.64276885986328	1695.421875	-0.44691431522369385
93.11993408203125	1695.6845703125	-0.44686421751976013
92.47327423095703	1696.0029296875	-0.4471185505390167
91.5313720703125	1696.4560546875	-0.4483458399772644
90.8653564453125	1696.75048828125	-0.44926851987838745
90.3602294921875	1696.9613037109375	-0.4497539699077606
89.68905639648438	1697.2373046875	-0.4501180648803711
88.72567749023438	1697.62890625	-0.45027920603752136
87.66178894042969	1698.02880859375	-0.45009732246398926
86.55030059814453	1698.422607421875	-0.44945669174194336
86.12187194824219	1698.57275390625	-0.4492339789867401
85.06010437011719	1698.9444580078125	-0.4492489695549011
84.37197875976562	1699.185302734375	-0.44975799322128296
83.67679595947266	1699.428466796875	-0.4505620002746582
82.98921203613281	1699.6689453125	-0.45156604051589966
81.74908447265625	1700.102783203125	-0.45385223627090454
81.33192443847656	1700.248779296875	-0.45479530096054077
80.38323974609375	1700.58154296875	-0.4573408365249634
79.82612609863281	1700.77685546875	-0.45907190442085266
79.01256561279297	1701.0621337890625	-0.46165767312049866
78.32382202148438	1701.303466796875	-0.4635515809059143
77.75989532470703	1701.501220703125	-0.46469706296920776
76.94086456298828	1701.7884521484375	-0.4656432569026947
75.69618225097656	1702.22509765625	-0.46632200479507446
74.21211242675781	1702.775390625	-0.4675542116165161
73.28799438476562	1703.125732421875	-0.46852025389671326
72.7386245727539	1703.3341064453125	-0.4691388010978699
72.0649185180664	1703.58984375	-0.46985048055648804
71.08759307861328	1703.964599609375	-0.47052308917045593
70.57904815673828	1704.1651611328125	-0.4707455337047577
69.902587890625	1704.432373046875	-0.4710254669189453
69.09609985351562	1704.7520751953125	-0.4715544879436493
68.17568969726562	1705.1279296875	-0.4727661609649658
67.40562438964844	1705.48193359375	-0.474295973777771
66.87504577636719	1705.7381591796875	-0.4753431975841522
65.81645202636719	1706.2584228515625	-0.4769626557826996
64.9317626953125	1706.6982421875	-0.4777779281139374
64.16349792480469	1707.1138916015625	-0.4782351851463318
63.783695220947266	1707.3424072265625	-0.4784427285194397
63.17538070678711	1707.7264404296875	-0.4787157475948334
62.20252990722656	1708.35791015625	-0.47892284393310547
61.75604248046875	1708.649658203125	-0.4789350628852844
60.88829803466797	1709.2213134765625	-0.47902750968933105
60.40888977050781	1709.5546875	-0.4792916178703308
59.71601104736328	1710.0511474609375	-0.47986945509910583
58.65374755859375	1710.8231201171875	-0.48059147596359253
57.763954162597656	1711.525634765625	-0.48118454217910767
56.87532043457031	1712.276611328125	-0.48249679803848267
56.43357467651367	1712.6549072265625	-0.4833298325538635
55.68324661254883	1713.30712890625	-0.4847704768180847
55.25360870361328	1713.708740234375	-0.4856455326080322
54.326786041259766	1714.646728515625	-0.4875709116458893
53.951171875	1715.036865234375	-0.488326758146286
53.14276885986328	1715.8798828125	-0.489877313375473
52.640907287597656	1716.4036865234375	-0.4907192587852478
51.74058532714844	1717.352294921875	-0.4917973279953003
51.34892272949219	1717.78955078125	-0.49210214614868164
50.87621307373047	1718.327392578125	-0.4923088848590851
50.22733688354492	1719.0728759765625	-0.4925464689731598
49.84233856201172	1719.51611328125	-0.49287790060043335
48.99897003173828	1720.519287109375	-0.49462398886680603
48.74805450439453	1720.83349609375	-0.49544084072113037
48.30119323730469	1721.3968505859375	-0.4970991909503937
47.67328643798828	1722.1962890625	-0.49972885847091675
47.428810119628906	1722.51708984375	-0.5008490681648254
46.613407135009766	1723.684814453125	-0.5052614808082581
46.28903579711914	1724.1688232421875	-0.5072174072265625
45.81730270385742	1724.8782958984375	-0.510010302066803
45.24940490722656	1725.74951171875	-0.5130478143692017
44.52812576293945	1726.9886474609375	-0.5166231393814087
43.920631408691406	1728.0804443359375	-0.5191093683242798
43.701499938964844	1728.476806640625	-0.519987165927887
43.30756378173828	1729.224365234375	-0.5218052864074707
42.84749221801758	1730.169921875	-0.5242595076560974
42.484580993652344	1730.932861328125	-0.526080846786499
42.06511688232422	1731.81787109375	-0.5280042290687561
41.87283706665039	1732.2235107421875	-0.5288583040237427
41.39227294921875	1733.237548828125	-0.5310192108154297
40.96274185180664	1734.1771240234375	-0.5331156849861145
40.627479553222656	1734.96533203125	-0.5350322723388672
40.124839782714844	1736.16845703125	-0.5381940007209778
39.899906158447266	1736.70849609375	-0.5397135615348816
39.48599624633789	1737.7410888671875	-0.5424489378929138
38.90104293823242	1739.4000244140625	-0.5457661151885986
38.72529602050781	1739.91064453125	-0.5466001033782959
38.393104553222656	1740.8885498046875	-0.5480414628982544
38.10832595825195	1741.84033203125	-0.5495038032531738
37.91581344604492	1742.525390625	-0.5506603121757507
37.606441497802734	1743.6551513671875	-0.5526272654533386
37.46613311767578	1744.21337890625	-0.55352783203125
37.35456848144531	1744.72900390625	-0.5543345212936401
37.19744873046875	1745.5712890625	-0.5555934309959412
37.037147521972656	1746.489501953125	-0.5569046139717102
36.811710357666016	1747.9334716796875	-0.5587535500526428
36.67552185058594	1748.8668212890625	-0.5595012903213501
36.54420471191406	1749.8843994140625	-0.5598564147949219
36.45820999145508	1750.8150634765625	-0.5600951910018921
36.38619613647461	1751.714599609375	-0.5604830980300903
36.34999084472656	1752.3695068359375	-0.5609922409057617
36.300086975097656	1753.428955078125	-0.5622441172599792
36.2500114440918	1754.572021484375	-0.5639926791191101
36.22669982910156	1755.10595703125	-0.5648664236068726
36.192718505859375	1755.8837890625	-0.566193699836731
36.14878463745117	1757.06396484375	-0.5682329535484314
36.11110305786133	1758.132080078125	-0.5698226094245911
36.045989990234375	1760.105712890625	-0.5710516571998596
36.0319709777832	1760.7607421875	-0.5711575746536255
36.00836181640625	1761.938232421875	-0.571315348148346
35.99557113647461	1762.586669921875	-0.5714887380599976
35.98033905029297	1763.3587646484375	-0.5718218088150024
35.96822738647461	1764.128173828125	-0.5723894238471985
35.968360900878906	1765.18994140625	-0.573855996131897
35.97079849243164	1765.964111328125	-0.5754233002662659
35.973182678222656	1766.6182861328125	-0.5769872665405273
35.975582122802734	1767.2681884765625	-0.578618049621582
35.97787857055664	1767.885009765625	-0.580092191696167
35.980316162109375	1768.5352783203125	-0.5813957452774048
35.9715576171875	1770.198974609375	-0.5836930274963379
35.96684265136719	1770.60888671875	-0.5841267108917236
35.95893859863281	1771.26318359375	-0.5847075581550598
35.94377136230469	1772.5697021484375	-0.5856499671936035
35.94467544555664	1774.25244140625	-0.5875194072723389
35.94632339477539	1775.06689453125	-0.5888545513153076
35.94789123535156	1775.836181640625	-0.590211033821106
35.945068359375	1777.0166015625	-0.5924409627914429
    35.92392349243164	1778.031494140625	-0.5947661399841309
35.90498352050781	1778.8167724609375	-0.596949577331543
35.890743255615234	1779.637451171875	-0.5993698835372925
35.888587951660156	1780.9459228515625	-0.6030498743057251
35.8901481628418	1782.4892578125	-0.6070882081985474
35.890586853027344	1782.8970947265625	-0.6081850528717041
35.89154815673828	1783.7900390625	-0.6107553243637085
35.89198303222656	1784.1966552734375	-0.6120136380195618
35.892948150634766	1785.0909423828125	-0.614975094795227
35.894256591796875	1786.2796630859375	-0.6192330718040466
35.895111083984375	1787.0550537109375	-0.6220896244049072
35.89585494995117	1787.7083740234375	-0.6243997812271118
35.8968620300293	1788.5947265625	-0.6271909475326538
35.898555755615234	1790.060302734375	-0.6303831934928894
35.89973449707031	1791.069091796875	-0.6313567161560059
35.90097427368164	1792.13037109375	-0.6313914656639099
35.901405334472656	1792.4989013671875	-0.6312771439552307
35.902793884277344	1793.67529296875	-0.631041407585144
35.9035758972168	1794.325927734375	-0.6312347054481506
35.90435028076172	1794.972900390625	-0.6317651867866516
35.90574645996094	1796.158447265625	-0.6334502696990967
35.90701675415039	1797.2178955078125	-0.6349307894706726
35.90760040283203	1797.713134765625	-0.6354827880859375
35.90885925292969	1798.7718505859375	-0.6365216970443726
35.910423278808594	1800.073486328125	-0.6372518539428711
35.91105651855469	1800.601318359375	-0.637291431427002
35.912139892578125	1801.500732421875	-0.6371844410896301
35.91340637207031	1802.5577392578125	-0.6369757056236267
35.91448211669922	1803.448974609375	-0.6368409395217896
35.915260314941406	1804.095458984375	-0.6368517279624939
35.91669464111328	1805.280029296875	-0.6371453404426575
35.91795349121094	1806.3302001953125	-0.6373363733291626
35.918739318847656	1806.9798583984375	-0.6373035907745361
35.919532775878906	1807.63037109375	-0.63725745677948
35.92076110839844	1808.645751953125	-0.6373007297515869
35.92140197753906	1809.177490234375	-0.6372076272964478
35.92282485961914	1810.3529052734375	-0.6361092925071716
35.91014099121094	1811.7686767578125	-0.6349120140075684
35.89094543457031	1812.6591796875	-0.6358433365821838
35.88199234008789	1813.4658203125	-0.6377298831939697
35.87919616699219	1814.242919921875	-0.6398654580116272
35.87810516357422	1815.1287841796875	-0.6421420574188232
35.87750244140625	1815.780029296875	-0.6435515284538269
35.8768196105957	1816.547119140625	-0.6448719501495361
35.875877380371094	1817.6036376953125	-0.6458399295806885
35.87528991699219	1818.2510986328125	-0.6458368897438049
35.874481201171875	1819.1435546875	-0.6453844308853149
35.87376403808594	1819.950927734375	-0.644983172416687
35.87311553955078	1820.8216552734375	-0.6448924541473389
35.87323760986328	1821.566162109375	-0.6451451778411865
35.874149322509766	1822.169677734375	-0.6455073356628418
35.87590408325195	1822.654296875	-0.6457126140594482
35.877685546875	1822.95703125	-0.6457493305206299
64.92177259749363	123.00574857167786
65.06965531820433	123.375691095836
65.36542503959438	123.5606640841473
65.51330773313474	123.9306066177065
65.80907742316903	124.11557961974432
65.95696008786648	124.48552216097954
66.10484273669363	124.85546470608568
66.40061238332612	125.04043772920042
66.54849500293734	125.41038028178056
66.40061238332612	125.04043772920042
66.10484273669363	124.85546470608568
65.95696008786648	124.48552216097954
